0,310
0,305
0,432
0,308
0,307
0,302
0,304
0,303
0,12
0,460
0,10
0,8
0,0
0,484
0,567
0,300
0,483
0,497
0,299
0,482
0,365
0,298
0,416
0,419
0,297
0,580
0,414
0,296
0,561
0,533
0,295
0,480
0,571
0,294
0,479
0,373
0,293
0,576
0,411
0,292
0,490
0,532
0,291
0,362
0,410
0,290
0,583
0,554
0,289
0,553
0,436
0,288
0,501
0,406
0,287
0,552
0,509
0,286
0,551
0,435
0,285
0,508
0,405
0,284
0,577
0,452
0,404
0,283
0,528
0,403
0,282
0,575
0,402
0,281
0,581
0,478
0,280
0,477
0,631
0,279
0,476
0,391
0,278
0,475
0,459
0,277
0,398
0,491
0,276
0,396
0,496
0,275
0,539
0,393
0,274
0,392
0,447
0,273
0,390
0,574
0,272
0,537
0,387
0,271
0,570
0,474
0,270
0,635
0,386
0,269
0,530
0,385
0,268
0,446
0,384
0,267
0,550
0,540
0,266
0,634
0,472
0,265
0,489
0,383
0,264
0,471
0,500
0,263
0,470
0,502
0,262
0,544
0,380
0,261
0,588
0,573
0,469
0,260
0,486
0,468
0,259
0,430
0,467
0,258
0,418
0,379
0,257
0,520
0,507
0,256
0,548
0,388
0,255
0,630
0,376
0,254
0,547
0,523
0,253
0,546
0,252
0,492
0,521
0,375
0,251
0,517
0,488
0,250
0,516
0,522
0,249
0,409
0,372
0,248
0,487
0,463
0,618
0,247
0,461
0,485
0,246
0,519
0,458
0,245
0,465
0,371
0,244
0,456
0,568
0,242
0,591
0,455
0,241
0,518
0,564
0,368
0,240
0,443
0,454
0,408
0,412
0,423
0,427
0,434
0,462
0,473
0,494
0,513
0,535
0,585
0,586
0,589
0,592
0,595
0,596
0,606
0,616
0,621
0,628
1,0
1,2
2,0
2,1
2,3
2,6
2,9
2,11
2,12
2,14
2,15
2,17
2,18
2,21
2,23
2,24
3,0
3,1
3,3
154,1
154,3
157,1
157,3
165,0
165,1
166,0
166,3
166,4
169,1
169,3
172,1
172,4
176,0
178,0
178,1
179,0
179,1
184,0
184,3
186,0
186,3
190,0
190,3
194,1
194,3
196,1
196,3
197,1
198,0
198,1
198,4
198,5
199,0
199,1
200,0
200,3
204,0
204,3
205,0
205,3
214,1
214,3
227,1
227,3
231,1
231,3
232,0
232,3
232,4
233,1
233,2
233,4
233,6
235,0
235,3
235,4
236,0
236,1
236,4
237,1
237,3
243,0
243,1
244,0
244,3
244,4
245,1
245,3
246,1
246,3
250,1
251,0
251,1
252,0
252,1
256,0
256,3
256,5
257,0
257,1
260,0
260,2
260,3
260,5
262,0
262,2
262,3
262,5
267,1
267,3
269,1
269,3
274,1
279,0
279,1
279,3
279,4
285,0
285,1
285,3
285,5
286,0
286,3
286,5
290,1
290,3
290,4
290,6
290,7
295,1
295,2
295,4
295,6
295,7
297,0
297,1
297,3
297,5
300,0
300,3
300,5
303,1
303,3
303,0
300,1
297,4
297,2
295,8
295,5
295,3
295,0
290,5
290,2
290,0
286,1
285,4
285,2
279,5
279,2
274,3
274,0
269,0
267,0
262,4
262,1
260,4
260,1
257,3
256,7
256,1
252,3
251,3
250,3
250,0
246,0
245,0
244,1
243,3
237,4
237,0
236,3
235,5
235,1
233,5
233,3
233,0
232,1
231,5
231,0
227,0
214,0
205,1
204,1
200,1
199,3
198,6
198,3
197,3
197,0
196,0
194,0
190,1
186,1
184,1
179,3
178,3
176,3
172,3
172,0
169,0
166,1
165,3
157,4
157,0
154,0
3,2
2,25
2,22
2,20
2,16
2,13
2,10
2,8
2,2
1,3
1,1
0,626
0,615
0,601
0,594
0,587
0,569
0,527
0,493
0,437
0,431
0,420
0,401
0,400
0,395
0,394
0,389
0,382
0,381
0,374
0,370
0,369
0,361
0,358
0,322
0,243
0,9
0,239
0,557
0,453
0,238
0,559
0,367
0,237
0,512
0,515
0,236
0,511
0,235
0,440
0,364
0,234
0,510
0,417
0,233
0,450
0,439
0,232
0,448
0,231
0,538
0,363
0,230
0,445
0,504
0,229
0,444
0,632
0,228
0,562
0,360
0,227
0,543
0,415
0,226
0,378
0,442
0,225
0,426
0,359
0,224
0,441
0,407
0,223
0,541
0,556
0,222
0,366
0,356
0,221
0,506
0,481
0,220
0,505
0,464
0,219
0,542
0,355
0,218
0,354
0,217
0,536
0,353
0,216
0,424
0,352
0,215
0,425
0,351
0,214
0,572
0,350
0,213
0,451
0,349
0,212
0,566
0,348
0,211
0,563
0,347
0,210
0,499
0,346
0,209
0,549
0,345
0,208
0,565
0,344
0,207
0,638
0,343
0,206
0,377
0,342
0,205
0,466
0,341
0,204
0,438
0,340
0,203
0,529
0,339
0,202
0,397
0,338
0,201
0,413
0,337
0,200
0,433
0,336
0,199
0,526
0,335
0,198
0,457
0,629
0,334
0,197
0,503
0,333
0,196
0,605
0,332
0,195
0,498
0,331
0,194
0,399
0,330
0,193
0,514
0,329
0,192
0,582
0,328
0,63
0,579
0,327
0,62
0,495
0,326
0,61
0,534
0,325
0,60
0,531
0,324
0,59
0,555
0,323
0,58
0,627
0,321
0,57
0,449
0,320
0,56
0,422
0,319
0,55
0,421
0,318
0,54
0,357
0,317
0,53
0,525
0,316
0,52
0,545
0,315
0,51
0,524
0,314
0,50
0,558
0,313
0,49
0,429
0,312
0,48
0,311
0,47
0,593
0,309
0,46
0,584
0,578
0,306
0,45
0,560
0,301
0,6
0,5
0,1
0,428
0,11
0,4
0,2
0,3
0,7
